# DMQC status and Data quality control statistics
# Project : RBR_Fleet
# Update date : 20230713022802

# Statistics per float for parameter TEMP
PARAM,WMO,DAC,COUNTRY,PROGRAM,launch_date,prof_last_date,DM_done,float_age,float_more1year,greylist,nb_prof,nb_prof_more1year,nb_prof_DM,nb_prof_noDM_more1year,prof_last_DM_date,prof_last_DM_update_date,percentage_DM_prof,nb_prof_QC_A,nb_prof_DM_QC_A,nb_prof_QC_B,nb_prof_DM_QC_B,nb_prof_QC_C,nb_prof_DM_QC_C,nb_prof_QC_D,nb_prof_DM_QC_D,nb_prof_QC_E,nb_prof_DM_QC_E,nb_prof_QC_F,nb_prof_DM_QC_F,nb_prof_QC_X,nb_prof_DM_QC_X 
TEMP,1901941,bodc,GBR,Argo UK,2022/07/01,2023/07/05 04:45:18,0,377,1,0,40,2,0,2,,,0.00,35,0,5,0,0,0,0,0,0,0,0,0,0,0
TEMP,1902093,bodc,GBR,Argo UK,2023/02/09,2023/03/09 23:47:16,0,154,0,0,4,0,0,0,,,0.00,3,0,1,0,0,0,0,0,0,0,0,0,0,0
TEMP,1902572,coriolis,FRA,Coriolis,2022/11/17,2023/07/10 00:55:40,0,238,0,0,31,0,0,0,,,0.00,20,0,11,0,0,0,0,0,0,0,0,0,0,0
TEMP,1902573,coriolis,FRA,Coriolis,2022/11/26,2023/07/09 02:52:40,0,229,0,0,30,0,0,0,,,0.00,24,0,6,0,0,0,0,0,0,0,0,0,0,0
TEMP,1902574,coriolis,FRA,Coriolis,2022/09/15,2023/07/10 23:29:40,0,301,0,0,30,0,0,0,,,0.00,26,0,4,0,0,0,0,0,0,0,0,0,0,0
TEMP,2901891,bodc,GBR,Argo UK,2016/06/28,2016/06/29 13:14:51,0,2571,1,0,1,1,0,1,,,0.00,0,0,0,0,0,0,0,0,0,0,1,0,0,0
TEMP,2902730,csio,CHN,Argo CHINA,2018/01/11,2022/05/10 17:26:21,0,2009,1,0,178,178,0,178,,,0.00,167,0,11,0,0,0,0,0,0,0,0,0,0,0
TEMP,2903005,jma,JPN,Argo JAMSTEC,2018/02/03,2023/07/11 21:13:14,0,1986,1,0,271,231,0,231,,,0.00,19,0,5,0,0,0,0,0,0,0,247,0,0,0
TEMP,2903327,jma,JPN,Argo JAMSTEC,2018/02/03,2023/07/10 18:26:12,0,1986,1,0,271,231,0,231,,,0.00,19,0,5,0,0,0,0,0,0,0,247,0,0,0
TEMP,2903731,jma,JPN,Argo JAMSTEC,2022/10/23,2023/07/09 11:14:43,0,263,0,0,27,0,0,0,,,0.00,24,0,3,0,0,0,0,0,0,0,0,0,0,0
TEMP,2903766,coriolis,NLD,Argo NETHERLANDS,2022/04/22,2023/07/04 05:11:40,0,447,1,0,55,20,0,20,,,0.00,45,0,10,0,0,0,0,0,0,0,0,0,0,0
TEMP,2903786,coriolis,FRA,Coriolis,2023/03/26,2023/07/04 20:43:40,0,109,0,0,11,0,0,0,,,0.00,7,0,4,0,0,0,0,0,0,0,0,0,0,0
TEMP,3902249,aoml,USA,Argo WHOI,2022/04/05,2023/07/08 17:46:32,0,464,1,0,66,12,0,12,,,0.00,62,0,4,0,0,0,0,0,0,0,0,0,0,0
TEMP,3902250,aoml,USA,Argo WHOI,2022/04/05,2023/07/11 23:33:25,0,464,1,0,67,12,0,12,,,0.00,60,0,7,0,0,0,0,0,0,0,0,0,0,0
TEMP,3902456,coriolis,NLD,Argo NETHERLANDS,2022/04/22,2023/07/04 13:37:40,0,447,1,0,55,20,0,20,,,0.00,49,0,6,0,0,0,0,0,0,0,0,0,0,0
TEMP,3902457,coriolis,NLD,Argo NETHERLANDS,2022/04/22,2023/07/04 13:42:40,0,447,1,0,55,20,0,20,,,0.00,51,0,4,0,0,0,0,0,0,0,0,0,0,0
TEMP,3902489,coriolis,FRA,Coriolis,2023/03/08,2023/07/06 10:52:40,0,127,0,0,13,0,0,0,,,0.00,10,0,3,0,0,0,0,0,0,0,0,0,0,0
TEMP,3902494,bodc,GBR,Argo UK,2023/05/09,2023/07/05 10:28:32,0,65,0,0,6,0,0,0,,,0.00,6,0,0,0,0,0,0,0,0,0,0,0,0,0
TEMP,4902533,meds,CAN,Argo CANADA,2021/04/26,2021/05/28 00:00:00,0,808,1,1,18,18,0,18,,,0.00,0,0,0,0,0,0,0,0,0,0,18,0,0,0
TEMP,4902534,meds,CAN,Argo CANADA,2021/04/26,2023/06/20 04:21:00,0,808,1,1,139,104,0,104,,,0.00,0,0,0,0,0,0,0,0,0,0,139,0,0,0
TEMP,4902535,meds,CAN,Argo CANADA,2022/05/18,2023/07/12 19:11:00,0,421,1,0,39,6,0,6,,,0.00,0,0,0,0,0,0,0,0,0,0,39,0,0,0
TEMP,4902556,meds,CAN,Argo CANADA,2022/05/24,2023/07/08 13:53:00,0,415,1,0,38,5,0,5,,,0.00,0,0,0,0,0,0,0,0,0,0,38,0,0,0
TEMP,4902557,meds,CAN,Argo CANADA,2022/05/18,2023/07/12 18:40:00,0,421,1,0,39,6,0,6,,,0.00,0,0,0,0,0,0,0,0,0,0,39,0,0,0
TEMP,4902559,meds,CAN,Argo CANADA,2022/03/11,2023/06/13 07:54:00,0,489,1,0,45,13,0,13,,,0.00,0,0,0,0,0,0,0,0,0,0,45,0,0,0
TEMP,4902670,meds,CAN,Argo CANADA,2023/06/03,2023/07/05 21:14:00,0,40,0,0,3,0,0,0,,,0.00,3,0,0,0,0,0,0,0,0,0,0,0,0,0
TEMP,4902671,meds,CAN,Argo CANADA,2023/06/03,2023/07/05 21:22:00,0,40,0,0,3,0,0,0,,,0.00,3,0,0,0,0,0,0,0,0,0,0,0,0,0
TEMP,4903275,aoml,USA,Argo WHOI,2020/10/05,2022/05/01 08:04:49,0,1011,1,0,437,437,0,437,,,0.00,436,0,0,0,0,0,0,0,0,0,1,0,0,0
TEMP,4903364,aoml,USA,Argo WHOI,2021/08/09,2023/07/08 11:48:23,0,703,1,0,90,45,0,45,,,0.00,88,0,0,0,0,0,0,0,0,0,2,0,0,0
TEMP,4903472,aoml,USA,Argo WHOI,2022/10/02,2023/07/09 06:31:56,0,284,0,0,47,0,0,0,,,0.00,43,0,4,0,0,0,0,0,0,0,0,0,0,0
TEMP,4903629,coriolis,NLD,Argo NETHERLANDS,2022/04/21,2023/07/04 00:23:40,0,448,1,0,55,20,0,20,,,0.00,43,0,12,0,0,0,0,0,0,0,0,0,0,0
TEMP,4903632,coriolis,FRA,Coriolis,2022/09/10,2023/07/12 00:44:40,0,306,0,0,59,0,0,0,,,0.00,48,0,11,0,0,0,0,0,0,0,0,0,0,0
TEMP,4903652,coriolis,FRA,Coriolis,2023/03/19,2023/07/07 15:45:40,0,116,0,0,12,0,0,0,,,0.00,10,0,2,0,0,0,0,0,0,0,0,0,0,0
TEMP,5904925,csiro,AUS,Argo AUSTRALIA,2015/07/24,2021/10/24 02:28:06,0,2911,1,0,262,262,0,262,,,0.00,247,0,15,0,0,0,0,0,0,0,0,0,0,0
TEMP,5905482,csiro,AUS,Argo AUSTRALIA,2020/09/21,2020/09/28 06:15:46,1,1025,1,0,9,9,9,0,2020/09/28 06:15:46,2023/06/28,100.00,6,6,3,3,0,0,0,0,0,0,0,0,0,0
TEMP,5905483,csiro,AUS,Argo AUSTRALIA,2020/09/23,2020/09/26 06:11:14,0,1023,1,0,3,3,0,3,,,0.00,3,0,0,0,0,0,0,0,0,0,0,0,0,0
TEMP,5905503,csiro,AUS,Argo AUSTRALIA,2022/03/19,2023/07/03 19:03:42,1,481,1,0,65,29,35,0,2022/09/05 19:08:00,2023/03/15,53.85,64,35,1,0,0,0,0,0,0,0,0,0,0,0
TEMP,5905509,csiro,AUS,Argo AUSTRALIA,2022/03/22,2023/07/03 18:51:17,1,478,1,0,62,26,32,0,2022/09/06 00:27:03,2023/03/15,51.61,58,31,3,1,0,0,0,0,0,0,1,0,0,0
TEMP,5905511,csiro,AUS,Argo AUSTRALIA,2022/04/12,2023/07/04 11:27:41,1,457,1,0,59,23,39,0,2022/12/15 11:17:47,2023/03/24,66.10,56,39,3,0,0,0,0,0,0,0,0,0,0,0
TEMP,5905515,csiro,AUS,Argo AUSTRALIA,2022/07/15,2023/07/08 20:59:52,1,363,0,0,106,0,83,0,2022/12/19 03:07:30,2023/06/27,78.30,103,82,1,0,0,0,0,0,0,0,2,1,0,0
TEMP,5905518,csiro,AUS,Argo AUSTRALIA,2022/08/29,2022/09/19 09:42:22,1,318,0,0,21,0,21,0,2022/09/19 09:42:22,2023/05/29,100.00,21,21,0,0,0,0,0,0,0,0,0,0,0,0
TEMP,5905522,csiro,AUS,Argo AUSTRALIA,2022/10/12,2023/07/03 17:30:20,1,274,0,0,37,0,15,0,2022/11/23 16:10:08,2023/05/29,40.54,35,15,2,0,0,0,0,0,0,0,0,0,0,0
TEMP,5905523,csiro,AUS,Argo AUSTRALIA,2022/10/27,2022/11/02 09:49:19,1,259,0,0,6,0,6,0,2022/11/02 09:49:19,2023/06/28,100.00,6,6,0,0,0,0,0,0,0,0,0,0,0,0
TEMP,5905526,csiro,AUS,Argo AUSTRALIA,2022/11/19,2023/07/06 07:54:51,0,236,0,0,58,0,0,0,,,0.00,56,0,1,0,0,0,0,0,0,0,1,0,0,0
TEMP,5905528,csiro,AUS,Argo AUSTRALIA,2022/11/24,2023/07/02 23:19:43,0,231,0,0,22,0,0,0,,,0.00,20,0,2,0,0,0,0,0,0,0,0,0,0,0
TEMP,5905537,csiro,AUS,Argo AUSTRALIA,2023/01/15,2023/07/06 12:17:57,0,179,0,0,18,0,0,0,,,0.00,18,0,0,0,0,0,0,0,0,0,0,0,0,0
TEMP,5905538,csiro,AUS,Argo AUSTRALIA,2023/01/17,2023/06/27 01:48:40,0,177,0,0,16,0,0,0,,,0.00,16,0,0,0,0,0,0,0,0,0,0,0,0,0
TEMP,5905539,csiro,AUS,Argo AUSTRALIA,2023/01/19,2023/01/29 07:20:44,0,175,0,0,1,0,0,0,,,0.00,1,0,0,0,0,0,0,0,0,0,0,0,0,0
TEMP,5905540,csiro,AUS,Argo AUSTRALIA,2023/01/21,2023/07/11 01:10:39,0,173,0,0,17,0,0,0,,,0.00,15,0,2,0,0,0,0,0,0,0,0,0,0,0
TEMP,5906298,aoml,USA,Argo UW,2020/08/15,2023/04/16 17:39:18,1,1062,1,0,329,236,311,0,2023/02/21 18:11:58,2023/04/06,94.53,185,167,144,144,0,0,0,0,0,0,0,0,0,0
TEMP,5906299,aoml,USA,Argo UW,2020/11/21,2022/10/20 17:18:30,1,964,1,0,355,305,355,0,2022/10/20 17:18:30,2023/03/03,100.00,333,333,22,22,0,0,0,0,0,0,0,0,0,0
TEMP,5906383,aoml,USA,Argo SIO,2020/11/10,2023/05/05 10:55:15,0,975,1,1,120,104,0,104,,,0.00,100,0,0,0,0,0,0,0,0,0,20,0,0,0
TEMP,5906385,jma,JPN,Argo eq. JAMSTEC,2020/08/04,2023/07/12 10:14:36,0,1073,1,0,394,313,0,313,,,0.00,49,0,18,0,0,0,0,0,0,0,327,0,0,0
TEMP,5906386,jma,JPN,Argo eq. JAMSTEC,2020/08/04,2023/07/12 10:13:09,0,1073,1,0,404,323,0,323,,,0.00,44,0,23,0,0,0,0,0,0,0,337,0,0,0
TEMP,5906387,jma,JPN,Argo eq. JAMSTEC,2020/08/05,2023/07/12 10:18:31,0,1072,1,0,404,323,0,323,,,0.00,49,0,18,0,0,0,0,0,0,0,337,0,0,0
TEMP,5906391,jma,JPN,Argo eq. JAMSTEC,2022/08/31,2023/07/11 10:20:09,0,316,0,0,145,0,0,0,,,0.00,118,0,27,0,0,0,0,0,0,0,0,0,0,0
TEMP,5906392,jma,JPN,Argo eq. JAMSTEC,2022/09/02,2023/07/12 10:14:03,0,314,0,0,146,0,0,0,,,0.00,127,0,19,0,0,0,0,0,0,0,0,0,0,0
TEMP,5906393,jma,JPN,Argo eq. JAMSTEC,2022/09/04,2023/07/12 10:23:09,0,312,0,0,144,0,0,0,,,0.00,116,0,28,0,0,0,0,0,0,0,0,0,0,0
TEMP,5906457,aoml,USA,Argo UW,2021/09/15,2023/07/05 05:45:06,1,666,1,0,65,30,52,0,2023/02/21 15:11:44,2023/03/03,80.00,65,52,0,0,0,0,0,0,0,0,0,0,0,0
TEMP,5906614,csiro,AUS,Argo AUSTRALIA,2020/09/25,2022/11/29 19:45:10,1,1021,1,0,123,109,123,0,2022/11/29 19:45:10,2023/04/18,100.00,123,123,0,0,0,0,0,0,0,0,0,0,0,0
TEMP,5906615,csiro,AUS,Argo AUSTRALIA,2020/09/27,2022/12/01 06:14:41,1,1019,1,0,123,109,123,0,2022/12/01 06:14:41,2023/04/14,100.00,123,123,0,0,0,0,0,0,0,0,0,0,0,0
TEMP,5906616,csiro,AUS,Argo AUSTRALIA,2020/09/27,2021/05/25 14:23:50,1,1019,1,0,62,62,62,0,2021/05/25 14:23:50,2023/04/11,100.00,62,62,0,0,0,0,0,0,0,0,0,0,0,0
TEMP,5906617,csiro,AUS,Argo AUSTRALIA,2020/09/29,2022/10/30 02:21:01,1,1017,1,0,112,101,112,0,2022/10/30 02:21:01,2023/04/13,100.00,111,111,0,0,0,0,1,1,0,0,0,0,0,0
TEMP,5906618,csiro,AUS,Argo AUSTRALIA,2020/09/30,2022/02/05 12:50:33,1,1016,1,0,87,87,87,0,2022/02/05 12:50:33,2023/04/27,100.00,87,87,0,0,0,0,0,0,0,0,0,0,0,0
TEMP,5906619,csiro,AUS,Argo AUSTRALIA,2020/10/01,2022/05/15 03:50:05,1,1015,1,0,107,107,107,0,2022/05/15 03:50:05,2023/05/11,100.00,77,77,28,28,0,0,0,0,0,0,2,2,0,0
TEMP,5906739,aoml,USA,Argo SIO,2021/09/26,2021/09/27 19:14:34,0,655,1,0,3,3,0,3,,,0.00,3,0,0,0,0,0,0,0,0,0,0,0,0,0
TEMP,5906740,aoml,USA,Argo SIO,2022/11/26,2023/07/12 13:51:38,0,229,0,0,28,0,0,0,,,0.00,27,0,1,0,0,0,0,0,0,0,0,0,0,0
TEMP,5906966,bodc,GBR,Argo UK,2023/02/24,2023/07/12 09:55:27,0,139,0,0,51,0,0,0,,,0.00,30,0,21,0,0,0,0,0,0,0,0,0,0,0
TEMP,5907048,bodc,GBR,Argo UK,2023/05/16,2023/07/11 20:04:52,0,58,0,0,6,0,0,0,,,0.00,5,0,1,0,0,0,0,0,0,0,0,0,0,0
TEMP,6901191,bodc,GBR,Argo UK,2016/06/13,2022/10/30 01:08:49,0,2586,1,0,236,224,0,224,,,0.00,219,0,17,0,0,0,0,0,0,0,0,0,0,0
TEMP,6901193,bodc,GBR,Argo UK,2016/07/11,2022/07/28 23:21:45,0,2558,1,0,223,221,0,221,,,0.00,215,0,8,0,0,0,0,0,0,0,0,0,0,0
TEMP,6903075,coriolis,FRA,Coriolis,2020/12/11,2023/07/07 17:32:20,0,944,1,0,94,58,0,58,,,0.00,82,0,12,0,0,0,0,0,0,0,0,0,0,0
TEMP,6903076,coriolis,FRA,Coriolis,2020/12/11,2023/03/17 10:23:20,0,944,1,0,83,58,0,58,,,0.00,75,0,8,0,0,0,0,0,0,0,0,0,0,0
TEMP,6903077,coriolis,FRA,Coriolis,2021/11/15,2023/07/12 12:32:20,0,605,1,0,60,24,0,24,,,0.00,41,0,19,0,0,0,0,0,0,0,0,0,0,0
TEMP,6903078,coriolis,FRA,Coriolis,2021/11/24,2023/07/11 07:29:20,0,596,1,0,59,23,0,23,,,0.00,53,0,6,0,0,0,0,0,0,0,0,0,0,0
TEMP,6903709,coriolis,EUR,Euro-Argo RISE,2021/05/19,2022/10/10 11:03:40,0,785,1,0,246,202,0,202,,,0.00,238,0,8,0,0,0,0,0,0,0,0,0,0,0
TEMP,6903710,coriolis,EUR,Euro-Argo RISE,2021/05/21,2023/06/06 15:05:40,0,783,1,0,274,201,0,201,,,0.00,267,0,7,0,0,0,0,0,0,0,0,0,0,0
TEMP,6903727,bodc,GBR,Argo UK,2020/12/27,2023/07/11 06:47:04,0,928,1,0,102,65,0,65,,,0.00,80,0,22,0,0,0,0,0,0,0,0,0,0,0
TEMP,6903752,bodc,GBR,Argo UK,2020/12/21,2023/07/05 10:47:05,0,934,1,0,94,58,0,58,,,0.00,92,0,2,0,0,0,0,0,0,0,0,0,0,0
TEMP,6903753,bodc,GBR,Argo UK,2020/12/18,2023/07/11 22:07:16,0,937,1,0,99,60,0,60,,,0.00,59,0,40,0,0,0,0,0,0,0,0,0,0,0
TEMP,6903754,bodc,GBR,Argo UK,2020/12/23,2023/07/05 11:35:33,0,932,1,0,95,58,0,58,,,0.00,87,0,8,0,0,0,0,0,0,0,0,0,0,0
TEMP,6903755,bodc,GBR,Argo UK,2020/12/25,2021/01/12 22:53:47,0,930,1,0,7,7,0,7,,,0.00,2,0,2,0,3,0,0,0,0,0,0,0,0,0
TEMP,6904102,coriolis,DEU,Argo GERMANY 2025,2021/01/12,2023/07/04 06:36:20,0,912,1,0,114,78,0,78,,,0.00,106,0,8,0,0,0,0,0,0,0,0,0,0,0
TEMP,6904103,coriolis,DEU,Argo GERMANY 2025,2021/01/12,2023/05/04 18:36:20,0,912,1,0,108,78,0,78,,,0.00,83,0,25,0,0,0,0,0,0,0,0,0,0,0
TEMP,6904104,coriolis,DEU,Argo GERMANY 2025,2021/01/12,2023/07/05 15:32:20,0,912,1,0,114,78,0,78,,,0.00,108,0,6,0,0,0,0,0,0,0,0,0,0,0
TEMP,6904105,coriolis,DEU,Argo GERMANY 2025,2021/01/12,2022/09/04 18:54:20,0,912,1,0,84,78,0,78,,,0.00,77,0,6,0,0,0,0,0,0,0,1,0,0,0
TEMP,6904179,bodc,GBR,Argo UK,2022/03/04,2023/07/08 08:06:28,0,496,1,0,50,13,0,13,,,0.00,46,0,4,0,0,0,0,0,0,0,0,0,0,0
TEMP,6904180,bodc,GBR,Argo UK,2022/03/03,2023/02/15 05:47:56,0,497,1,0,36,14,0,14,,,0.00,30,0,6,0,0,0,0,0,0,0,0,0,0,0
TEMP,6904239,coriolis,FRA,Coriolis,2022/09/15,2023/07/11 19:56:40,0,301,0,0,58,0,0,0,,,0.00,48,0,10,0,0,0,0,0,0,0,0,0,0,0
TEMP,6990512,coriolis,FRA,Coriolis,2023/03/07,2023/07/05 10:49:40,0,128,0,0,13,0,0,0,,,0.00,4,0,9,0,0,0,0,0,0,0,0,0,0,0
TEMP,6990519,bodc,GBR,Argo UK,2023/05/16,2023/07/12 12:02:29,0,58,0,0,6,0,0,0,,,0.00,6,0,0,0,0,0,0,0,0,0,0,0,0,0
TEMP,7901003,coriolis,FRA,Coriolis,2022/11/21,2023/07/04 02:48:40,0,234,0,0,30,0,0,0,,,0.00,27,0,3,0,0,0,0,0,0,0,0,0,0,0
TEMP,7901022,coriolis,FRA,Coriolis,2023/03/19,2023/07/07 15:39:40,0,116,0,0,12,0,0,0,,,0.00,11,0,1,0,0,0,0,0,0,0,0,0,0,0
TEMP,7901093,bodc,GBR,Argo UK,2023/05/09,2023/06/25 06:44:39,0,65,0,0,5,0,0,0,,,0.00,5,0,0,0,0,0,0,0,0,0,0,0,0,0
