
# List of requested BGC parameters that were not found in the synthetic index file
DOXY2
TURBIDITY
BISULFIDE
DOWN_IRRADIANCE443
DOWN_IRRADIANCE555
DOWN_IRRADIANCE665
DOWN_IRRADIANCE670
CP660

# List of parameters found in the synthetic index file (and associated to the float list) that were not requested

CHLA_FLUORESCENCE
PRES
PSAL
TEMP

# List of WMOs not found in the index file (CTD) 
5902444
5902445
5902457
5902479
5902520
5902524
5902526

# List of WMOs not found in the synthetic index file (BGC) 
1900733
1901250
1901277
1901294
1901305
1901355
1901734
1901735
1901744
1901764
1901805
1901832
1901839
1901840
1901847
1901860
1901863
1901865
1901867
1901873
1901875
1901877
1901879
1901880
1901894
1901896
1901909
1901914
1901925
1902024
1902026
1902028
1902030
1902033
1902034
1902036
1902038
1902039
1902043
1902047
1902065
1902194
1902222
1902224
2901095
2901096
2901102
2901186
2901188
2901513
2901519
2901520
2901571
2901575
2901751
2901752
2901753
2901754
2901758
2901759
2901760
2901761
2901762
2901763
2901764
2901765
2901790
2901897
2902134
2902135
2902137
2902141
2902147
2902148
2902149
2902151
2902152
2902153
2902162
2902163
2902165
2902166
2902168
2902169
2902170
2902171
2902172
2902173
2902184
2902185
2902188
2902219
2902220
2902221
2902222
2902223
2902224
2902225
2902226
2902227
2902228
2902265
2902267
2902268
2902278
2902279
2902280
2902282
2902285
2902286
2902425
2902426
2902428
2902540
2902557
2902558
2902564
2902596
2902601
2902605
2902622
2902648
2902656
2902658
2902661
2902710
2902715
2902945
2902951
2902952
2902953
2902962
2902963
2902966
2902970
2902975
2902982
2902985
2902995
2903177
2903178
2903179
2903180
2903181
2903182
2903183
2903184
2903185
2903186
2903187
2903188
2903190
2903191
2903197
2903203
2903207
2903214
2903222
2903333
2903334
2903341
2903358
2903361
2903385
2903387
2903389
2903401
2903403
2903404
2903418
2903423
2903424
2903426
2903605
2903606
2903607
2903608
2903612
2903616
2903617
2903644
3900146
3901089
3901108
3901111
3901155
3901184
3901214
3901215
3901216
3901217
3901218
3901219
3901220
3901226
3901243
3901246
3901247
3901248
3901249
3901250
3901251
3901252
3901253
3901260
3901262
3901263
3901264
3901268
3901269
3901270
3901271
3901272
3901273
3901274
3901285
3901290
3901301
3901306
3901468
3901473
3901499
3901500
3901501
3901504
3901511
3901516
3901521
3901534
3901548
3901590
3901601
3901602
3901605
3901606
3901608
3901609
3901610
3901611
3901625
3901628
3901631
3901633
3901634
3901635
3901636
3901643
3901649
3901650
3901652
3901654
3901656
3901657
3901658
3901662
3901670
3901671
3901672
3901674
3901675
3901680
3901788
3901791
3901792
3901793
3901795
3901797
3901798
3901799
3901801
3901802
3901803
3901804
3901809
3901814
3901816
3901817
3901819
3901822
3901838
3901840
3901841
3901845
3901846
3901847
3901849
3901853
3901854
3901855
3901857
3901858
3901859
3901860
3901861
3901864
3901865
3901866
3901867
3901868
3901869
3901870
3901871
3901872
3901873
3901875
3901879
3901880
3901882
3901883
3901886
3901887
3901888
3901889
3901890
3901893
3901894
3901895
3901896
3901897
3901898
3901899
3901900
3901901
3901903
3901905
3901906
3901907
3901908
3901909
3901911
3901912
3901913
3901915
3901919
3901921
3901926
3901928
3901931
3901934
3901935
3901937
3901942
3901946
3901948
3901949
3901952
3901953
3901954
3901955
3901956
3901957
3901966
3901970
3901979
3901989
3902135
3902143
3902144
3902145
3902146
3902164
3902165
3902182
3902184
3902244
3902390
3902398
3902400
4900117
4901428
4901429
4901487
4901548
4901639
4901640
4901682
4901683
4901774
4902087
4902104
4902306
4902309
4902312
4902315
4902316
4902317
4902318
4902319
4902330
4902333
4902334
4902365
4902367
4902368
4902369
4902374
4902375
4902376
4902380
4902402
4902439
4902465
4902895
4902896
4902899
4902902
4902905
4902982
4902983
4902984
4902985
4902986
4902987
4902988
4902997
4903000
4903007
4903008
4903010
4903011
4903012
4903014
4903015
4903017
4903018
4903019
4903020
4903021
4903022
4903023
4903024
4903025
4903027
4903031
4903032
4903042
4903048
4903055
4903057
4903058
4903059
4903171
4903172
4903174
4903175
4903176
4903177
4903181
4903182
4903185
4903186
4903197
4903215
4903217
4903231
4903237
4903247
4903249
4903251
4903262
4903281
4903283
5901894
5902396
5902398
5902400
5902402
5902403
5902404
5902406
5902407
5902412
5902414
5902416
5902429
5902430
5902434
5902439
5902440
5902444
5902445
5902448
5902457
5902465
5902468
5902469
5902471
5902473
5902474
5902475
5902477
5902479
5902480
5902482
5902488
5902489
5902490
5902491
5902492
5902493
5902494
5902495
5902499
5902501
5902504
5902505
5902511
5902512
5902513
5902514
5902515
5902516
5902519
5902520
5902524
5902526
5903133
5903423
5903424
5903944
5904155
5904380
5904403
5904446
5904447
5904591
5904592
5904610
5904622
5904624
5904626
5904628
5904629
5904630
5904632
5904633
5904634
5904638
5904639
5904644
5904645
5904647
5904648
5904649
5904650
5904652
5904653
5904669
5904702
5904711
5904712
5904715
5904717
5904718
5904736
5904740
5904774
5904780
5904781
5904786
5904792
5904793
5904795
5904798
5904799
5904816
5904818
5904823
5904830
5904831
5904862
5904868
5904927
5904928
5904929
5904930
5904943
5904994
5905002
5905003
5905005
5905013
5905017
5905019
5905020
5905021
5905026
5905029
5905039
5905042
5905082
5905083
5905084
5905085
5905086
5905088
5905089
5905090
5905114
5905115
5905126
5905150
5905156
5905179
5905181
5905182
5905184
5905185
5905186
5905219
5905231
5905236
5905239
5905240
5905241
5905245
5905246
5905247
5905252
5905253
5905257
5905258
5905259
5905260
5905261
5905263
5905265
5905266
5905270
5905273
5905274
5905278
5905288
5905323
5905324
5905353
5905354
5905365
5905392
5905414
5905417
5905418
5905456
5905465
5905485
5905655
5905676
5905678
5905682
5905683
5905684
5905685
5905686
5905687
5905688
5905689
5905690
5905691
5905693
5905696
5905697
5905698
5905699
5905700
5905701
5905702
5905703
5905704
5905705
5905709
5905711
5905713
5905717
5905719
5905720
5905721
5905722
5905723
5905724
5905725
5905732
5905736
5905739
5905743
5905744
5905770
5905771
5905776
5905777
5905778
5905779
5905780
5905782
5905789
5905790
5905791
5905793
5905794
5905796
5905841
5905842
5905845
5905852
5905856
5905861
5905862
5905863
5905864
5905865
5905876
5905877
5905967
5906012
5906014
5906016
5906104
5906232
5906425
5906459
5906659
5906703
6900658
6900701
6901017
6901121
6901170
6901192
6901195
6901198
6901213
6901225
6901253
6901503
6901565
6901567
6901611
6901673
6901676
6901713
6901719
6901721
6901722
6901731
6901735
6901736
6901738
6901833
6901868
6901908
6901909
6901921
6901924
6901929
6901930
6901935
6901978
6901979
6901982
6901983
6902016
6902554
6902565
6902567
6902573
6902574
6902575
6902584
6902602
6902604
6902612
6902621
6902623
6902624
6902626
6902627
6902632
6902633
6902634
6902656
6902693
6902703
6902704
6902715
6902726
6902746
6902757
6902759
6902760
6902762
6902764
6902772
6902779
6902781
6902782
6902913
6902914
6902916
6902918
6902919
6902921
6902922
6902924
6902926
6902928
6902943
6902945
6902946
6902947
6902948
6902949
6902950
6903006
6903062
6903175
6903176
6903224
6903245
6903547
6903561
6903562
6904092
7900390
7900498
7900504
7900505
7900506
7900507
7900509
7900516
7900517
7900556
7900557
7900558
7900567
7900569
7900570
7900609
7900611
7900613
7900614
7900618
7900620
7900622
7900623
7900631
7900634
7900638
7900642
7900666
7900680
7900688
7900793
7900844
7900868

